One noise feature

Concept 59
extent (len: 9): 4174, 673, 2798, 3995, 2494, 2086, 4234, 3697, 1897
intent (len: 2): job, day
lower neighbours (len: 5): 168,105,172,110,155
upper neighbours (len: 2): 10,6
pattern: {'job': {'admin.': 0.25, 'blue-collar': 0.25, 'student': 0.12, 'unemployed': 0.12, 'management': 0.12, 'unknown': 0.12}, 'day': (7.9731848219376635, 19.048082204875527, 24.540445862728337)}
level: 2
mean y_true: 0.1111111111111111
mean y_pred: 0.0
metrics: {'accuracy': 0.89, 'precision': 0.0, 'recall': 0.0}



Binarized Shap

Concept 17
extent (len: 159): 3660, 243, 567, 231, 4138, 2412, 775, 1160, 1775, 1829, 4127, 2692, 1171, 2641, 1415, 2477, 194, 3881, 1750, 445, 2073, 2963, 84, 3556, 4107, 2444, 2852, 702, 1356, 159, 2198, 4483, 51, 3695, 4312, 1309, 105, 3636, 614, 2077, 1124, 2256, 3160, 975, 4048, 3215, 365, 1151, 4507, 4364, 4216, 1371, 9, 3157, 1191, 1641, 1905, 2755, 1862, 3317, 2460, 2225, 4159, 2847, 1312, 3782, 3538, 3436, 4459, 3693, 3424, 959, 4271, 171, 1470, 1259, 4019, 3951, 4237, 2904, 3304, 2675, 3701, 3690, 3385, 3689, 662, 1349, 1177, 4199, 4296, 2279, 1004, 546, 1496, 2022, 2670, 3589, 2318, 3498, 2449, 2437, 2014, 4283, 997, 521, 684, 800, 3743, 1126, 2633, 3235, 1459, 619, 629, 1813, 399, 1000, 3614, 1725, 1579, 4032, 4422, 3644, 2615, 4455, 4191, 809, 3152, 941, 3615, 1709, 4040, 3250, 2013, 2622, 4090, 2239, 306, 3561, 1895, 4284, 4225, 953, 2879, 1914, 4281, 358, 2471, 2128, 1205, 2968, 3645, 2971, 78, 2806, 741, 2799, 3374
intent (len: 2): month__pos, duration__pos
lower neighbours (len: 2): 25,21
upper neighbours (len: 2): 1,3
pattern: {'duration': (682.435944747145, 796.156100928044, 909.876257108943), 'month': {'aug': 0.5, 'mar': 0.5}}
level: 2
mean y_true: 0.3270440251572327
mean y_pred: 0.32075471698113206
metrics: {'accuracy': 0.74, 'precision': 0.61, 'recall': 0.6}



